1661155674 1 0 0 0
1661160048 2 0 0 0
1661160154 2 0 0 1
1661160209 3 0 0 1
1661160796 3 1 0 1
1661160813 3 2 0 1
1661172354 4 2 0 1
1661172466 5 2 0 1
1661173160 5 3 0 1
1661173276 6 3 0 1
1661173486 7 3 0 1
1661173527 7 3 0 2
1661176811 7 4 0 2
1661177979 8 4 0 2
1661178504 8 4 0 3
1661179995 9 4 0 3
1661181260 9 5 0 3
1661181284 9 6 0 3
1661181454 9 6 1 3
1661238877 10 6 1 3
1661245596 10 7 1 3
1661245641 11 7 1 3
1661245731 12 7 1 3
1661249666 12 8 1 3
1661256867 12 9 1 3
1661259707 13 9 1 3
1661259743 14 9 1 3
1661259790 14 10 1 3
1661260538 14 10 2 3
1661262959 15 10 2 3
1661262985 16 10 2 3
1661263002 17 10 2 3
1661264032 18 10 2 3
1661264169 19 10 2 3
1661267677 19 11 2 3
1661267680 19 12 2 3
1661328052 20 12 2 3
1661328223 21 12 2 3
1661328353 21 13 2 3
1661328389 21 14 2 3
1661329351 22 14 2 3
1661329371 23 14 2 3
1661329383 24 14 2 3
1661332547 25 14 2 3
1661332672 26 14 2 3
1661332829 27 14 2 3
1661332970 28 14 2 3
1661333285 29 14 2 3
1661333631 30 14 2 3
1661333664 31 14 2 3
1661342721 31 15 2 3
1661342724 31 16 2 3
1661345164 32 16 2 3
1661345497 32 16 2 4
1661346414 32 17 2 4
1661348366 32 18 2 4
1661351151 33 18 2 4
1661351695 34 18 2 4
1661351823 35 18 2 4
1661351841 35 19 2 4
1661351844 35 20 2 4
1661351906 36 20 2 4
1661351919 37 20 2 4
1661351984 37 20 3 4
1661352229 37 21 3 4
1661352272 37 22 3 4
1661352321 38 22 3 4
1661352404 39 22 3 4
1661352459 40 22 3 4
1661353161 41 22 3 4
1661353906 42 22 3 4
1661353928 42 23 3 4
1661353932 42 24 3 4
1661415530 43 24 3 4
1661415540 44 24 3 4
1661415575 44 25 3 4
1661415579 44 26 3 4
1661420798 45 26 3 4
1661420809 45 27 3 4
1661420811 46 27 3 4
1661420826 47 27 3 4
1661420858 48 27 3 4
1661421170 49 27 3 4
1661422775 49 27 4 4
1661422926 49 27 5 4
1661423050 49 27 6 4
1661431698 49 28 6 4
1661431731 50 28 6 4
1661431745 51 28 6 4
1661431967 51 29 6 4
1661440529 51 29 7 4
1661497601 51 30 7 4
1661497605 51 31 7 4
1661509657 52 31 7 4
1661509680 53 31 7 4
1661517755 54 31 7 4
1661523701 55 31 7 4
1661523834 55 32 7 4
1661523898 55 33 7 4
1661525290 55 33 8 4
1661525311 56 33 8 4
1661525317 57 33 8 4
1661525605 57 34 8 4
1661526011 57 35 8 4
1661596314 58 35 8 4
1661596322 59 35 8 4
1661597699 60 35 8 4
1661597728 61 35 8 4
1661597755 62 35 8 4
1661597762 63 35 8 4
1661597778 64 35 8 4
1661597790 65 35 8 4
1661597815 66 35 8 4
1661597837 67 35 8 4
1661597861 68 35 8 4
1661597893 69 35 8 4
1661597902 70 35 8 4
1661597958 71 35 8 4
1661602247 72 35 8 4
1661622256 73 35 8 4
1661622276 74 35 8 4
1661622296 75 35 8 4
1661622350 76 35 8 4
1661686380 77 35 8 4
1661718475 77 36 8 4
1661763772 78 36 8 4
1661763780 79 36 8 4
1661768945 80 36 8 4
1661775654 81 36 8 4
1661775808 81 37 8 4
1661775872 81 38 8 4
1661785840 81 38 9 4
1661785923 81 38 10 4
1661786432 81 39 10 4
1661786679 81 40 10 4
1661803278 81 40 11 4
1661803307 81 40 12 4
1661843195 82 40 12 4
1661843447 83 40 12 4
1661847471 83 41 12 4
1661847473 83 42 12 4
1661849186 84 42 12 4
1661849192 85 42 12 4
1661849223 86 42 12 4
1661849577 87 42 12 4
1661852385 87 42 13 4
1661852443 87 42 14 4
1661852578 87 42 15 4
1661853042 87 42 16 4
1661854301 88 42 16 4
1661854307 89 42 16 4
1661861444 90 42 16 4
1661861551 91 42 16 4
1661861567 92 42 16 4
1661861671 93 42 16 4
1661863976 93 43 16 4
1661864135 94 43 16 4
1661864142 95 43 16 4
1661864951 96 43 16 4
1661866219 97 43 16 4
1661870086 97 44 16 4
1661870123 97 45 16 4
1661870236 97 46 16 4
1661870548 97 47 16 4
1661870627 98 47 16 4
1661870802 99 47 16 4
1661870873 100 47 16 4
1661931233 101 47 16 4
1661931248 102 47 16 4
1661931260 103 47 16 4
1661931285 104 47 16 4
1661931319 105 47 16 4
1661931341 106 47 16 4
1661931352 106 48 16 4
1661931354 106 49 16 4
1661931373 107 49 16 4
1661931386 108 49 16 4
1661933981 109 49 16 4
1661939083 109 50 16 4
1661939086 109 51 16 4
1661949189 110 51 16 4
1661949206 111 51 16 4
1661949233 112 51 16 4
1661949260 113 51 16 4
1661949302 114 51 16 4
1661949369 115 51 17 4
1661951577 115 52 17 4
1661951579 115 53 17 4
1661952308 116 53 17 4
1661952320 117 53 17 4
1661952447 118 53 17 4
1661952461 119 53 17 4
1661952493 120 53 17 4
1661952523 121 53 17 4
1661952536 122 53 17 4
1661952552 123 53 17 4
1661955395 123 54 17 4
1661955397 123 55 17 4
1661956657 124 55 17 4
1661956665 125 55 17 4
1661956689 126 55 17 4
1661956741 127 55 17 4
1661957000 128 55 17 4
1661957015 129 55 17 4
1661957031 130 55 17 4
1661957042 131 55 17 4
1661959101 131 56 17 4
1661959103 131 57 17 4
1662019744 131 58 17 4
1662020958 132 58 17 4
1662021054 133 58 17 4
1662021101 134 58 17 4
1662021131 135 58 17 4
1662021178 136 58 17 4
1662021233 137 58 17 4
1662021268 138 58 17 4
1662021277 138 59 17 4
1662021302 138 60 17 4
1662026252 138 60 18 4
1662026314 138 60 19 4
1662034112 139 60 19 4
1662034119 140 60 19 4
1662034141 141 60 19 4
1662034394 141 61 19 4
1662034398 141 62 19 4
1662034414 142 62 19 4
1662034466 143 62 19 4
1662034493 144 62 19 4
1662043309 144 62 20 4
1662044231 144 62 21 4
1662045177 145 62 21 4
1662045184 146 62 21 4
1662045662 146 62 22 4
1663082117 146 63 22 4
1663082272 154 64 23 4
