1661155674 11055
1661160796 11061
1661160813 11130
1661173160 11657
1661173527 11924
1661176811 11956
1661181260 11967
1661181284 12490
1661181454 12594
1661238877 12608
1661245641 12952
1661245731 12956
1661259707 12989
1661259743 13354
1661259790 13386
1661267677 13394
1661267680 13387
1661328353 13750
1661328389 13819
1661329351 13819
1661329371 13875
1661329383 13877
1661342721 13911
1661342724 13801
1661345497 13728
1661346414 14599
1661348366 14599
1661351151 14595
1661351695 14595
1661351823 14595
1661351906 14595
1661351919 14595
1661352321 14595
1661352404 14598
1661352459 14598
1661353161 14604
1661353906 14639
1661415530 15167
1661415540 15167
1661420798 15176
1661420811 15177
1661420826 15184
1661420858 15243
1661421170 15243
1661431731 15252
1661431745 15258
1661509657 15357
1661509680 15555
1661517755 15559
1661523701 15731
1661525311 15733
1661525317 15649
1661596314 15650
1661596322 15714
1661597699 15708
1661597728 15892
1661597755 15892
1661597762 15897
1661597778 15898
1661597790 15901
1661597815 15901
1661597837 15907
1661597861 15909
1661597893 15922
1661597902 15952
1661597958 16432
1661602247 16443
1661622256 16443
1661622276 16446
1661622296 16459
1661622350 16463
1661686380 16463
1661763772 16468
1661763780 16377
1661768945 16376
1661775654 16376
1661843195 16378
1661843447 16379
1661849186 16382
1661849192 16414
1661849223 16416
1661849577 16423
1661854301 16543
1661854307 16541
1661861444 16545
1661861551 16547
1661861567 16554
1661861671 16554
1661864135 16559
1661864142 16574
1661864951 16611
1661866219 16618
1661870627 16622
1661870802 16623
1661870873 16626
1661931233 16662
1661931248 16696
1661931260 16734
1661931285 16744
1661931319 16752
1661931341 16780
1661931373 16814
1661931386 16776
1661933981 16778
1661949189 16784
1661949206 16784
1661949233 16781
1661949260 16796
1661949302 16816
1661949369 16826
1661952308 16826
1661952320 16967
1661952447 16967
1661952461 16967
1661952493 16965
1661952523 16964
1661952536 16969
1661952552 16969
1661956657 16969
1661956665 16976
1661956689 16978
1661956741 16983
1661957000 16983
1661957015 17010
1661957031 17011
1661957042 17011
1662020958 17008
1662021054 17012
1662021101 17013
1662021131 17013
1662021178 17012
1662021233 17039
1662021268 17040
1662034112 17041
1662034119 17030
1662034141 17029
1662034414 17030
1662034466 17032
1662034493 17031
1662045177 17031
1662045184 17033
1662046447 17034
1662046452 17067
1662046528 17066
1662046551 17086
1662046578 17087
1662046599 17085
1662046620 17083
1662046647 17071
